112.414 50.3382 29.9757 Green
-4.90082 63.2251 17.4863 Green
-24.2019 -40.7739 38.8149 Yellow
-60.5222 66.575 6.69946 Red
-70.4347 51.9063 60.2131 Red
64.0971 59.3578 5.28282 Green
-101.703 -16.2401 26.0702 Red
-37.2606 -224.612 6.55722 Yellow
-40.274 -253.778 17.9195 Yellow
213.853 -22.6042 10.1626 Green
60.2599 -18.58 42.5315 Red
50.9243 152.301 22.1727 Yellow
-33.8311 -55.316 27.5139 Red
-82.2845 148.659 44.8441 Yellow
152.225 29.1881 12.8808 Yellow
-31.2643 -22.6946 58.3204 Yellow
49.9198 21.6138 22.5315 Green
28.7395 43.8409 22.5064 Green
43.7889 -87.8919 59.3205 Red
-42.231 -18.7151 101.149 Green
120.846 -143.764 45.7522 Green
-169.142 50.2719 45.5573 Yellow
-180.858 -178.562 14.0625 Yellow
-122.114 -80.6156 88.6126 Yellow
115.305 -51.8352 19.3864 Yellow
331.06 -99.6455 59.9352 Green
70.5385 -40.5319 26.1325 Green
-171.718 256.799 22.879 Yellow
-52.3842 4.02302 29.2189 Yellow
-119.62 -18.2428 38.1581 Red
-41.0355 -95.8749 123.601 Green
-11.8747 127.048 26.1695 Yellow
46.4077 -102.094 6.7683 Yellow
173.574 -42.9406 59.9808 Yellow
5.55212 -143.591 15.4232 Green
-122.501 -139.666 89.2147 Green
102.56 -111.807 57.4287 Green
-77.0113 79.9119 30.8573 Red
-24.1251 36.0315 31.0855 Yellow
-42.0032 -98.8909 21.1048 Yellow
-60.3351 -31.4646 1.08447 Red
29.4893 48.5347 80.9324 Green
204.506 -282.815 37.0995 Green
-183.641 17.4485 22.4658 Red
-11.855 69.6924 102.333 Yellow
26.3871 -23.7971 63.4755 Yellow
-155.647 82.9742 34.6439 Green
-94.2852 -27.1133 59.6931 Red
-163.172 -32.3286 12.486 Green
-35.0396 67.4808 43.9636 Red
-16.8797 -45.0968 1.37956 Red
85.642 -51.4193 0.768796 Yellow
88.0315 50.2365 58.1032 Yellow
-100.812 83.8546 34.7123 Green
126.147 22.6493 11.8981 Green
-322.223 1.51908 33.9032 Red
-55.7578 40.5294 40.3424 Yellow
124.743 -66.2646 50.5974 Red
116.174 8.8451 84.4928 Yellow
121.878 -10.1997 62.6491 Red
12.545 -7.03221 75.6325 Yellow
157.988 -19.7999 13.9271 Yellow
183.283 83.964 15.9878 Red
-50.273 -234.71 16.8101 Green
-40.5329 -125.828 21.6948 Red
-103.384 -156.068 78.7589 Green
-176.71 2.82854 4.70293 Red
-202.383 6.65291 51.0596 Green
91.7775 25.2806 73.7793 Red
96.5072 103.016 28.8929 Yellow
-80.4086 -39.6015 51.7118 Red
46.9257 265.239 24.414 Yellow
-169.66 -112.374 46.7291 Yellow
111.96 213.214 114.793 Red
114.981 -22.1037 87.4754 Green
-16.6714 -4.22148 4.00258 Red
-35.8808 -136.782 57.8651 Red
-148.757 -18.4869 40.9691 Green
9.57904 81.0342 86.2357 Yellow
-63.4223 -6.3927 56.4925 Green
-128.972 -41.8891 15.2558 Green
199.434 -14.684 82.6127 Green
-168.963 -19.7601 36.2391 Yellow
-206.531 -26.1045 28.3456 Yellow
-12.2494 -7.96481 64.9686 Green
-193.967 76.2838 63.3696 Green
59.1025 -62.5013 19.0062 Yellow
12.3598 34.7612 62.5045 Yellow
-29.4231 -102.087 16.0331 Red
-165.771 115.696 54.5513 Red
-103.269 158.924 29.6956 Green
109.491 36.5909 49.0053 Yellow
-40.0419 13.1565 39.7125 Green
-129.325 -129.464 0.618024 Green
20.6098 153.228 24.5971 Green
-21.8531 -276.015 21.1725 Red
56.11 74.4243 0.282995 Green
39.9175 -70.5741 45.8841 Green
-35.6632 67.7505 41.3786 Green
105.618 146.064 22.061 Green
167.849 -107.306 39.6214 Red
29.2811 -14.1267 0.924543 Red
-74.4447 -251.353 108.12 Red
15.6113 -30.7074 36.1267 Red
-152.927 32.9423 127.206 Red
-38.4245 178.328 28.3685 Yellow
-51.7341 -33.8575 24.7102 Red
-69.0046 16.7521 33.1154 Green
113.339 82.2474 22.6546 Green
-135.085 -68.3325 58.9244 Red
-169.099 63.4585 58.8463 Green
38.8792 31.6434 71.0798 Red
-69.8334 142.47 36.9596 Red
-227.936 -57.4003 103.554 Red
120.492 5.17006 24.0764 Green
-28.5525 -38.0898 51.3148 Green
11.191 108.6 45.3579 Red
-74.4747 -64.9623 42.1682 Red
116.88 55.0634 63.865 Green
-30.6338 91.8788 34.0619 Yellow
-38.3963 -52.3426 23.4177 Red
-17.0157 -7.67681 49.7803 Yellow
-81.0659 -81.4314 84.316 Yellow
-22.5707 -130.402 0.757205 Red
27.5426 -172.731 18.4169 Red
-88.5255 85.9672 100.819 Yellow
17.8014 15.8503 45.5107 Red
-89.8654 -33.5784 47.6653 Red
24.0493 -12.5165 43.2892 Yellow
8.73701 14.2111 58.5273 Red
30.9658 -80.996 19.6757 Yellow
-108.068 14.2732 75.2711 Yellow
-66.1984 -13.5127 68.3601 Yellow
49.525 2.90583 45.7412 Red
55.9287 42.9359 30.8897 Green
63.1995 -35.3352 1.42044 Green
12.8873 22.5919 68.618 Yellow
58.5589 56.4142 17.9992 Red
108.466 40.1536 88.2881 Green
-0.537309 -12.6011 79.2977 Yellow
-126.708 -54.8114 6.41036 Green
-157.866 118.709 5.97594 Green
-74.7713 163.967 25.0475 Yellow
-124.362 -60.7754 30.6063 Green
43.8459 -68.4997 20.7059 Green
-98.1141 -51.3402 55.9147 Red
119.965 -57.944 1.47488 Yellow
27.8866 62.8601 65.1497 Red
-61.0484 229.797 23.1515 Green
-105.707 -80.9904 8.14268 Yellow
-27.8199 -57.3324 51.5565 Green
119.189 -76.2366 28.1408 Green
12.7931 -112.22 42.3645 Green
-31.784 -69.1989 35.5302 Red
-123.442 -58.1632 98.9079 Red
-44.1597 7.61061 17.0299 Red
23.5063 -81.0291 13.3599 Green
-292.872 100.417 24.4607 Yellow
25.7526 64.9269 64.0617 Yellow
-31.3668 15.6122 29.5715 Red
-12.7901 -155.419 6.87051 Yellow
46.0568 -75.1782 35.4477 Yellow
28.892 -133.365 38.4726 Green
105.282 129.059 1.78523 Red
66.7962 -225.89 0.820215 Yellow
97.3727 147.982 42.0898 Green
107.331 -101.477 51.361 Red
-6.3754 -92.235 8.73947 Green
-147.023 75.5157 37.4388 Red
-137.581 33.5599 3.38016 Red
-21.0458 112.467 56.8093 Yellow
46.9836 -65.6549 45.2261 Green
83.2089 8.22334 9.98981 Green
-16.7688 56.917 15.7994 Red
-173.996 149.703 10.9797 Yellow
43.0998 131.974 44.8678 Red
-92.0189 65.646 1.61469 Yellow
116.498 -67.0254 86.5521 Red
73.3838 57.0335 2.22128 Red
-32.0195 -146.955 7.23721 Yellow
-58.6062 36.5301 66.3788 Yellow
-146.855 -159.212 40.523 Green
-13.3477 36.3996 66.8318 Green
71.6584 -192.509 37.7123 Yellow
-107.636 -54.2757 11.1436 Red
-49.0461 -131.545 64.1465 Green
134.79 -164.676 82.3712 Green
-90.231 131.059 69.3755 Red
-103.12 -68.7385 14.3995 Yellow
65.4615 49.0478 38.236 Red
85.6976 -53.4763 101.937 Yellow
72.4609 98.6305 53.7634 Green
-45.6537 49.9611 24.013 Green
-96.9677 88.0342 21.3353 Yellow
-116.351 119.689 54.2203 Red
-96.5569 -6.98132 19.5373 Red
-14.5581 -61.7021 16.0605 Yellow
45.6148 -147.814 25.0101 Yellow
-103.579 -45.335 118.219 Red
115.891 106.202 47.0577 Green
-80.4623 111.775 89.8158 Green
196.504 -80.146 37.9742 Green
-46.9352 52.044 33.6804 Yellow
-177.996 -67.0799 47.9279 Red
113.727 -16.1836 33.639 Yellow
-7.14382 200.532 20.1723 Yellow
145.866 -68.8546 26.2893 Yellow
149.189 124.564 159.988 Green
-26.6415 -147.858 4.0075 Red
-64.7003 -106.154 60.6559 Yellow
-217.087 99.4652 43.9743 Yellow
5.73834 54.4936 33.7563 Red
101.873 -123.311 49.1056 Red
6.92232 28.4475 134.853 Red
-112.48 21.5429 51.5305 Yellow
-106.66 -186.242 57.4481 Red
-140.493 3.31754 51.7235 Green
23.0071 -72.8136 5.13645 Yellow
3.26862 -236.973 46.5523 Yellow
43.7641 228.618 73.0324 Red
-58.2075 137.444 33.2187 Red
-12.7881 71.2601 88.8576 Red
-197.062 132.168 60.5609 Red
-146.259 107.657 4.93541 Green
-123.931 7.22468 13.547 Yellow
93.5176 21.1475 60.8744 Yellow
-74.8531 -104.009 188.373 Yellow
100.073 -133.169 34.5494 Yellow
99.5197 -79.3863 23.7472 Green
-74.2931 -59.0519 57.5811 Red
-24.1575 104.177 66.3369 Red
-134.318 -124.251 67.9961 Green
-152.628 -44.197 82.4051 Green
-12.7667 28.8627 17.3699 Yellow
-110.656 69.0935 61.8899 Green
34.9323 -177.954 97.7331 Yellow
54.4432 -24.0963 81.5532 Yellow
144.488 -24.2768 86.4984 Yellow
-94.0767 -74.5727 6.5199 Yellow
-66.5533 4.86318 3.75183 Green
113.597 -114.052 78.971 Green
-59.8889 255.458 8.07768 Green
-25.8412 44.5477 13.0862 Green
51.0734 68.9904 40.7971 Green
-101.681 -4.30432 13.4149 Red
-69.0912 169.322 81.7063 Yellow
-37.5796 129.228 7.01354 Red
18.5515 -7.94907 23.6653 Green
9.82349 -27.1553 18.1724 Red
38.6694 74.3256 17.9593 Yellow
183.811 252.048 23.0308 Red
-29.0726 -194.566 43.7408 Yellow
13.2354 70.643 61.564 Red
128.498 247.333 1.28891 Yellow
-74.761 -83.5582 25.0651 Yellow
-121.546 -80.793 84.4187 Green
-20.0032 11.4375 33.0553 Red
-14.2971 66.7386 14.3211 Green
-21.5225 17.0629 17.0848 Red
-35.041 -53.0518 13.8949 Red
26.3803 -15.0028 1.77838 Red
-54.4229 -57.1546 42.2502 Red
18.5639 145.959 16.2976 Green
-16.6607 3.10082 59.246 Green
121.347 164.095 41.7174 Red
30.0216 -28.361 45.3082 Yellow
-87.1368 -170.942 68.9929 Green
52.4499 -67.8887 20.7246 Green
53.5769 -16.5717 35.5994 Red
-101.286 -12.3951 126.996 Red
-28.3951 197.96 17.1141 Yellow
183.913 37.8889 66.7114 Yellow
-18.0684 88.9084 41.3596 Red
-15.2651 95.7539 29.5656 Yellow
-43.8619 8.27315 12.4697 Red
-30.7992 22.2247 7.06785 Red
-75.4112 5.51679 42.9812 Green
133.778 -140.288 6.41525 Yellow
-119.454 67.2818 88.349 Red
4.40133 -117.778 37.5311 Red
140.313 -99.8662 26.2403 Red
203.053 -55.766 24.6775 Yellow
55.3967 260.872 25.298 Yellow
-37.6779 81.1374 39.3711 Red
57.3109 63.6989 27.5043 Red
102.149 59.0958 4.90576 Red
-178.591 -21.4762 59.8137 Yellow
140.24 38.9588 24.2368 Yellow
-61.994 28.0516 49.4412 Green
-39.7702 21.158 11.2842 Yellow
29.0474 45.8306 3.33607 Yellow
53.7842 -81.7088 78.5412 Green
-1.63479 3.97362 84.8269 Red
-55.5106 -166.954 1.5965 Yellow
-105.234 111.533 48.2783 Red
5.82973 0.548836 9.97861 Red
-8.99958 191.398 54.4866 Red
-25.8575 55.7957 19.5352 Green
170.69 -99.5931 64.18 Red
-6.74648 -37.0738 110.87 Red
-7.92772 -48.5264 0.796335 Green
77.0136 -108.792 46.4193 Yellow
-51.0362 70.0259 71.5076 Red
-150.249 -201.27 100.725 Red
119.38 209.91 19.7411 Red
-18.3032 -33.5908 5.72585 Yellow
-43.9833 -75.5997 65.6294 Red
2.9409 -309.12 47.1786 Green
61.8923 -111.568 7.60788 Green
-97.3222 -39.5496 61.5908 Yellow
24.3501 13.024 98.1338 Red
246.562 -137.34 14.1075 Red
-1.49287 39.8654 38.0344 Red
51.528 86.7044 30.0044 Yellow
-60.2825 80.9526 32.1686 Yellow
25.1903 50.4119 46.4046 Yellow
3.64881 -137.4 10.1465 Red
9.81957 23.1503 49.8451 Red
-97.1289 161.127 5.99577 Yellow
23.0764 88.352 5.18928 Yellow
18.2347 -160.63 26.8091 Yellow
82.5083 173.957 65.6969 Yellow
-108.43 -1.46417 45.8837 Green
188.91 6.81795 8.86105 Red
92.477 -19.2363 100.504 Green
18.1708 -49.3292 21.0494 Green
-26.6497 -19.3912 54.6382 Red
-48.4923 27.2181 84.1182 Yellow
-17.8282 39.8919 10.0894 Green
93.4376 48.7071 37.8673 Green
51.7032 181.48 24.4478 Yellow
49.1658 -32.152 7.80037 Yellow
-70.6812 101.198 114.799 Red
60.2026 -134.988 48.9326 Green
52.9229 -1.73884 32.7547 Red
-21.8035 42.0956 74.9204 Yellow
-32.6616 278.442 138.117 Yellow
36.2435 235.361 66.0657 Yellow
-60.024 140.026 81.0854 Yellow
51.8924 -144.785 58.8035 Yellow
-90.7151 -205.236 115.592 Green
-17.3205 -160.785 57.9686 Green
-33.1985 103.744 6.83849 Yellow
16.3945 25.3388 23.5962 Red
26.2424 97.4638 25.2437 Yellow
203.454 49.8592 15.7002 Yellow
-1.11946 -68.6527 12.9855 Green
58.0737 127.297 15.7774 Yellow
31.4883 -157.947 37.2355 Yellow
-94.0394 171.208 9.36181 Yellow
-2.74135 -217.167 32.4509 Red
-4.45571 -142.017 79.0811 Yellow
8.7291 78.4817 8.48582 Green
97.3704 109.684 48.0391 Red
218.627 124.592 10.6277 Yellow
-21.2471 -112.983 12.0489 Yellow
46.8784 -134.057 6.43444 Green
175.903 83.1428 43.8776 Red
63.991 35.1704 19.9998 Red
-73.424 -173.646 44.3706 Red
-108.531 -26.3272 102.403 Green
55.2931 -33.0993 134.162 Green
-97.6159 -58.8068 26.529 Green
181.77 -32.8383 19.934 Red
20.4283 36.5737 34.4205 Yellow
-35.8231 18.7275 48.0944 Red
-53.8681 -2.99122 47.1812 Green
82.7345 -115.124 99.0918 Red
49.7417 -9.93949 64.6352 Yellow
-106.666 12.4306 11.3658 Red
46.3055 -15.7716 18.9659 Yellow
22.4198 -80.4101 48.5932 Yellow
127.159 -181.365 52.9092 Green
153.077 -174.459 66.8063 Red
-141.664 -92.6265 13.4318 Green
79.9053 73.2077 33.7422 Red
-9.78011 -28.725 58.9596 Green
26.745 177.62 110 Yellow
124.672 -89.7495 25.4987 Green
75.57 21.9536 2.1211 Yellow
-107.25 -4.30902 6.08138 Green
-122.884 -29.7273 25.158 Red
-61.8845 -138.902 39.1928 Red
6.78335 13.8233 7.99998 Green
104.274 136.774 11.9331 Red
197.081 -34.4632 33.6128 Green
68.6932 21.9654 63.7644 Yellow
-29.6239 -148.349 3.25998 Red
-174.446 281.948 10.6499 Green
62.1493 149.169 26.7741 Green
-175.74 -78.1782 25.1688 Yellow
-15.2545 -50.0758 70.4311 Yellow
-58.9805 14.5543 4.6272 Yellow
-17.9652 4.14616 40.9104 Green
200.785 -8.49004 19.4059 Green
-7.35893 -45.0513 21.633 Red
-162.358 110.251 55.5651 Green
96.2683 -66.6388 59.677 Green
-112.269 -7.4484 70.7314 Yellow
-46.364 36.9708 69.2882 Yellow
-58.0794 208.305 16.6944 Green
-36.0077 -96.4612 23.5364 Green
-125.017 -97.8203 103.573 Red
-32.844 68.8618 7.52319 Yellow
117.681 -28.1417 64.546 Green
-190.715 103.235 34.7986 Yellow
34.2171 -19.9843 24.0413 Red
9.44998 47.3994 18.5012 Yellow
13.977 -94.426 4.24016 Yellow
32.626 38.4011 58.1381 Green
-188.177 62.9834 19.1704 Yellow
1.23393 -72.2903 85.9774 Green
108.388 24.642 44.806 Green
-24.998 150.841 0.691101 Green
105.261 115.401 0.0886189 Green
-20.3698 -42.6809 39.1674 Green
165.453 37.6166 0.427073 Yellow
197.275 -46.8134 32.9102 Red
123.539 57.6987 0.610023 Yellow
-66.9005 12.6455 69.3211 Yellow
96.1525 -42.4877 3.05687 Green
-140.851 -202.616 31.1137 Yellow
39.8926 -76.2262 50.4223 Green
20.5792 -57.7527 21.2592 Yellow
54.6917 -114.397 67.0428 Yellow
44.7526 -81.8489 0.243662 Yellow
4.83871 8.21785 44.0137 Yellow
-136.878 205.103 54.8998 Red
-34.7918 34.0453 5.90998 Green
-48.7627 -54.6498 6.16096 Green
216.138 -57.1167 9.06919 Red
15.259 13.5734 114.27 Red
-13.0463 -165.225 99.0423 Red
74.1139 95.5485 64.752 Yellow
144.763 65.2026 8.4074 Yellow
-96.4975 20.612 31.8 Green
44.0836 -130.128 49.9415 Red
50.3854 -36.277 15.8087 Yellow
97.9932 7.34531 10.5199 Yellow
172.1 -87.8018 93.0391 Green
132.472 -107.245 31.2381 Green
18.3331 -124.047 28.2747 Yellow
-196.895 -80.5116 52.2954 Yellow
-77.7528 -41.9129 27.8424 Yellow
101.512 -20.1738 36.7568 Red
-126.65 156.14 22.0631 Yellow
136.158 -44.3442 12.2374 Yellow
153.641 -30.4066 73.6446 Yellow
33.0947 67.6404 6.87424 Yellow
-1.4276 139.798 30.6353 Yellow
-163.142 -127.718 36.0593 Red
-58.8613 -127.804 2.92868 Yellow
-81.577 -9.55572 3.10056 Green
-43.454 -62.9978 40.7744 Yellow
145.864 108.288 3.64524 Red
34.6729 -129.806 26.5087 Yellow
-58.0913 4.42102 37.5424 Green
-26.2882 96.5933 77.3674 Green
78.0333 -89.8475 29.9424 Yellow
127.091 -32.6804 42.0822 Green
-51.8685 -102.215 26.0648 Green
107.077 -55.977 31.8367 Yellow
-151.181 25.2562 53.0635 Green
118.483 -33.9429 16.7974 Red
-38.2293 12.1185 68.4661 Yellow
3.96047 -63.1079 25.5871 Red
-146.971 0.373596 36.9709 Yellow
77.1513 -69.8571 83.4403 Yellow
-10.52 124.451 9.24235 Red
-89.9712 114.095 60.1095 Red
147.808 90.7263 44.1904 Yellow
173.507 -103.929 73.3006 Green
62.3416 -32.6548 22.4475 Yellow
-0.798873 -40.5477 95.408 Red
-6.7574 -194.359 24.629 Yellow
-132.732 -33.5609 60.2699 Yellow
21.1692 -0.670196 30.9862 Yellow
-5.13314 44.0582 15.9624 Red
-182.592 92.7139 56.6665 Yellow
45.7382 78.1975 2.23148 Red
-133.428 -12.1317 22.1385 Yellow
-60.0462 63.2391 11.048 Yellow
-14.0908 -73.049 101.448 Red
141.267 34.6346 0.915923 Yellow
26.9907 20.1694 29.0724 Green
-0.698218 27.6443 19.3925 Yellow
-100.234 -33.1699 29.9642 Green
-55.6975 22.274 32.5321 Green
67.1862 -128.582 3.51773 Red
190.712 -85.7075 36.2822 Yellow
58.6857 -115.207 20.1453 Green
-142.361 57.6359 37.2158 Yellow
162.695 -147.479 17.6228 Red
-98.5015 62.6798 50.2996 Yellow
67.6969 -63.73 102.481 Green
159.892 -184.784 60.1947 Yellow
-220.454 23.8865 16.0034 Red
66.6884 -13.3292 43.4798 Red
49.7353 -13.3666 50.5728 Red
106.231 85.3934 45.1044 Red
147.742 67.649 5.77516 Yellow
-95.7296 -43.9016 22.6307 Red
-121.94 58.8946 10.798 Red
-105.968 -191.586 108.726 Yellow
164.263 151.44 33.3602 Green
54.4859 10.4821 41.2825 Red
86.7656 90.3792 62.35 Red
-22.919 29.4759 11.7431 Red
-89.6244 -179.357 26.8386 Yellow
-61.5804 -64.9938 116.277 Green
-55.3104 21.6453 12.4406 Yellow
103.959 168.759 65.4618 Red
127.188 152.918 36.5403 Green
-111.743 118.628 35.1194 Red
13.5019 102.599 16.8182 Yellow
52.1239 -21.3316 23.0891 Red
48.6999 -8.47633 40.3445 Red
-8.63669 -136.21 7.2058 Red
-81.8169 -12.786 37.1569 Green
-4.85101 -15.8086 67.0425 Yellow
113.275 -104.361 102.256 Green
-126.257 -83.0742 23.2994 Yellow
-4.38735 -45.578 26.6089 Green
-24.3407 14.2971 70.7605 Yellow
7.18516 -5.01203 20.309 Yellow
85.3044 -33.4765 2.16071 Yellow
-27.7216 55.9589 43.4827 Green
126.765 56.3635 79.5344 Green
193.117 54.3173 15.2579 Green
-41.1268 -86.1295 2.26996 Red
-209.446 66.0124 29.2189 Green
-156.658 10.7839 18.1431 Red
110.214 73.4021 16.0139 Red
-177.269 -122.369 2.90169 Green
-67.6385 0.774956 7.0888 Red
-132.439 -56.2967 21.3464 Red
-61.9166 -4.59805 21.7087 Green
46.3057 37.5673 33.2106 Red
-35.3726 -93.7962 80.8868 Yellow
3.86535 216.26 23.0313 Yellow
-123.441 39.68 13.3656 Green
-78.298 -93.6945 74.6188 Red
-41.3517 18.9126 62.7434 Green
-63.3262 84.4584 24.0093 Green
11.3389 -89.7995 32.8644 Yellow
34.8234 -152.779 146.915 Red
-16.5158 -212.954 68.0479 Yellow
24.0746 34.6441 30.5087 Green
96.3345 185.159 47.2089 Red
4.11209 51.9716 74.7026 Red
-3.14468 -8.18034 21.9898 Yellow
-150.009 50.0272 19.9348 Yellow
37.2417 38.5014 41.1701 Green
9.14501 137.348 68.8327 Yellow
-63.0969 1.44176 87.27 Red
148.778 125.63 88.11 Red
-61.5799 -40.69 18.3482 Green
-136.296 74.852 26.2796 Green
87.0658 -118.884 4.63149 Red
6.00121 -27.9535 11.447 Green
83.6458 164.478 61.1179 Green
-72.1839 125.755 8.7707 Green
146.81 102.512 2.15472 Red
-170.902 -41.1262 25.4273 Red
-18.2246 -114.909 55.3635 Green
75.2952 -52.5246 59.0827 Yellow
-145.257 -23.4969 40.2921 Red
-121.765 20.4725 5.10771 Green
-11.4048 38.547 58.8826 Yellow
61.9438 136.373 20.9928 Yellow
-65.587 69.026 22.6016 Yellow
-101.733 -40.9921 15.629 Green
90.5266 -136.568 60.5337 Green
-74.8951 -137.85 54.0428 Red
-23.5134 -149.343 17.9097 Yellow
-13.6352 -2.28793 50.6748 Yellow
-73.2498 175.374 64.4384 Yellow
-83.994 77.6734 88.166 Green
-128.668 89.0566 88.7913 Yellow
145.637 -79.7852 32.03 Yellow
136.557 -53.8979 2.07737 Red
-15.6139 25.2301 62.1768 Green
246.693 104.484 17.3037 Red
303.371 33.5846 8.66244 Green
34.9639 -62.2526 24.7736 Yellow
18.5844 49.2148 15.9388 Red
-35.1674 60.899 8.62272 Yellow
183.359 -116.98 38.4265 Green
-175.657 -66.6093 14.1445 Green
118.676 105.14 50.1531 Yellow
163.659 85.5019 40.1365 Yellow
-38.7646 -13.3642 18.1632 Yellow
37.3756 50.2955 23.3176 Yellow
-72.2566 -36.1779 33.7583 Green
117.701 29.48 158.656 Yellow
-213.97 -116.484 109.319 Yellow
-40.3554 46.172 16.7843 Red
-87.9594 99.072 7.9206 Green
53.1269 28.7192 19.3069 Red
-60.6123 39.2661 65.4163 Red
